2 0.604835 0.425161 0.125518 0.090245
2 0.844238 0.556903 0.144405 0.117395
2 0.635662 0.155699 0.118226 0.096163
2 0.112301 0.626766 0.212432 0.158007
2 0.377887 0.516245 0.287911 0.327364
2 0.905027 0.770890 0.132907 0.094707
2 0.127417 0.892243 0.187167 0.165228
2 0.541309 0.927875 0.493477 0.144250
2 0.922050 0.847544 0.155899 0.304912
2 0.981606 0.565359 0.036724 0.112667
2 0.424870 0.761834 0.132258 0.099605
2 0.429987 0.851986 0.346574 0.289281
2 0.931203 0.978397 0.137374 0.041158
2 0.384211 0.580228 0.237938 0.194785
2 0.979623 0.870319 0.040753 0.056522
2 0.008912 0.813482 0.017825 0.080484
