2 0.729338 0.425732 0.137810 0.104830
0 0.495780 0.125954 0.990455 0.251241
2 0.759917 0.157121 0.138247 0.107426
2 0.063708 0.675608 0.127102 0.122582
2 0.238575 0.626134 0.219048 0.179517
2 0.944287 0.555831 0.111067 0.135855
2 0.503402 0.512717 0.297229 0.335996
2 0.098823 0.810479 0.108767 0.081758
2 0.250441 0.888869 0.200601 0.187391
2 0.564333 0.851911 0.348042 0.295212
2 0.661754 0.927245 0.520136 0.145510
2 0.978933 0.767180 0.041362 0.131584
2 0.556496 0.764414 0.157727 0.113544
2 0.987232 0.972755 0.024896 0.052301
1 0.501036 0.135364 0.997928 0.270727
2 0.938418 0.501170 0.123164 0.257626
