2 0.361701 0.670856 0.130781 0.109289
2 0.073707 0.691878 0.147413 0.141284
2 0.363103 0.887945 0.169635 0.147511
2 0.836395 0.857013 0.223560 0.167551
2 0.703466 0.734425 0.163204 0.114165
2 0.787994 0.767951 0.346053 0.362833
2 0.764810 0.633425 0.151864 0.090146
2 0.523882 0.702596 0.096129 0.081048
2 0.183338 0.911966 0.103127 0.082365
2 0.048532 0.961831 0.097064 0.075885
2 0.051522 0.908640 0.103044 0.182478
1 0.503414 0.040358 0.992304 0.079863
2 0.363342 0.820347 0.185839 0.306243
2 0.947284 0.529030 0.104671 0.148428
