2 0.729362 0.549210 0.137515 0.104443
2 0.759577 0.279243 0.138625 0.109328
2 0.063591 0.799440 0.126697 0.123089
2 0.237786 0.750482 0.221968 0.180414
2 0.501801 0.636326 0.304485 0.339078
2 0.943800 0.678721 0.112136 0.136295
2 0.097643 0.933708 0.105189 0.081147
2 0.581104 0.915049 0.360818 0.169265
0 0.498125 0.210367 0.996250 0.339380
2 0.257927 0.961390 0.185493 0.077220
2 0.979628 0.890916 0.039904 0.129489
1 0.499981 0.200581 0.999784 0.392756
2 0.508363 0.701570 0.247136 0.206265
2 0.557694 0.889765 0.161286 0.116132
2 0.957373 0.842170 0.085254 0.312176
