2 0.719878 0.753772 0.176427 0.137379
2 0.465537 0.856705 0.221087 0.167727
2 0.331760 0.734870 0.164916 0.114643
2 0.393433 0.633238 0.155205 0.086879
2 0.416221 0.767953 0.347259 0.363582
2 0.154243 0.702197 0.097722 0.082314
2 0.027824 0.673351 0.054487 0.114030
2 0.039344 0.891419 0.078203 0.155398
2 0.976024 0.779723 0.047738 0.132523
2 0.941498 0.502199 0.116374 0.097808
2 0.604695 0.516530 0.132586 0.093696
2 0.042961 0.815327 0.085921 0.326257
0 0.521924 0.524110 0.950030 0.157068
2 0.543232 0.310316 0.070113 0.051695
2 0.842760 0.052132 0.314221 0.104263
