2 0.553845 0.445173 0.174467 0.141394
2 0.112633 0.302306 0.135369 0.095262
2 0.349288 0.431903 0.151433 0.129769
2 0.854600 0.422869 0.132369 0.107489
2 0.858969 0.640653 0.169194 0.145377
2 0.686941 0.776266 0.076663 0.056584
2 0.142370 0.042297 0.127779 0.084245
2 0.173119 0.868232 0.346239 0.263519
2 0.413086 0.647419 0.143864 0.103146
2 0.462528 0.884518 0.181858 0.132316
2 0.677624 0.662983 0.103814 0.080285
2 0.464806 0.779728 0.243458 0.422793
2 0.522033 0.729809 0.136986 0.101822
2 0.985110 0.455629 0.029477 0.086467
2 0.011623 0.459230 0.023247 0.160104
2 0.799859 0.950463 0.398491 0.098805
2 0.972301 0.794507 0.054469 0.093468
2 0.072426 0.783001 0.144648 0.383086
2 0.864264 0.568978 0.185944 0.309442
