2 0.555583 0.690973 0.180928 0.150209
2 0.112404 0.549403 0.135526 0.104355
2 0.349362 0.679154 0.155977 0.134328
2 0.142802 0.280492 0.137611 0.109437
2 0.855713 0.672812 0.150475 0.127135
1 0.500000 0.196638 1.000000 0.391579
2 0.677282 0.909998 0.115726 0.104559
2 0.861697 0.883778 0.185675 0.162642
2 0.412114 0.895095 0.146234 0.102506
2 0.468671 0.913704 0.262297 0.172591
2 0.983128 0.703115 0.033404 0.097096
0 0.496723 0.195120 0.993446 0.346304
2 0.863961 0.792833 0.190912 0.372680
2 0.011728 0.706700 0.023455 0.157031
2 0.512531 0.962358 0.159423 0.075285
2 0.074838 0.800464 0.149676 0.397893
2 0.085460 0.918975 0.170921 0.162050
2 0.061729 0.987443 0.123458 0.025113
2 0.022747 0.917830 0.045494 0.148720
