2 0.554015 0.816038 0.175553 0.140461
2 0.349489 0.803017 0.151583 0.132713
2 0.112538 0.672991 0.133668 0.099434
2 0.854658 0.792833 0.132644 0.109000
2 0.142885 0.404234 0.122082 0.103154
2 0.858075 0.968906 0.166367 0.062188
2 0.422101 0.971645 0.160125 0.056710
2 0.502187 0.109167 0.989164 0.218335
2 0.069310 0.865175 0.138620 0.269650
1 0.500440 0.172101 0.998571 0.344201
2 0.012008 0.830124 0.024017 0.168658
2 0.985101 0.827603 0.029349 0.090480
2 0.674703 0.988813 0.105134 0.022374
2 0.475661 0.968231 0.293600 0.063538
2 0.012791 0.974518 0.024952 0.050963
2 0.867565 0.885881 0.204212 0.226990
