2 0.349086 0.185646 0.155600 0.136154
2 0.555524 0.197076 0.181706 0.150444
2 0.854927 0.178140 0.149184 0.126988
2 0.110737 0.053456 0.133688 0.103920
2 0.687048 0.531843 0.078032 0.061719
2 0.678036 0.413445 0.117254 0.101391
2 0.412446 0.399743 0.146131 0.103767
2 0.862329 0.392510 0.184103 0.161399
2 0.463252 0.633737 0.184945 0.138089
2 0.166694 0.680536 0.333387 0.376556
2 0.463627 0.530452 0.250131 0.427378
2 0.983169 0.208393 0.033661 0.098618
2 0.522597 0.480472 0.136632 0.104235
2 0.973153 0.544228 0.052884 0.081766
2 0.011894 0.211869 0.023788 0.153015
2 0.894958 0.984009 0.085707 0.031967
2 0.862930 0.316854 0.190691 0.328291
2 0.068367 0.525112 0.136613 0.362524
2 0.554325 0.987881 0.083395 0.024237
