2 0.302919 0.675933 0.143038 0.123452
2 0.130242 0.526754 0.178024 0.134034
2 0.817506 0.852519 0.362772 0.293409
2 0.485961 0.625826 0.218783 0.177412
2 0.748592 0.513639 0.303059 0.339526
2 0.954164 0.425613 0.091671 0.101087
2 0.346125 0.809717 0.110063 0.083168
2 0.076891 0.922483 0.153782 0.154748
0 0.500482 0.129639 0.995796 0.258029
2 0.495878 0.888608 0.196860 0.181607
2 0.969472 0.157177 0.060865 0.108233
2 0.824964 0.927233 0.350072 0.145534
2 0.799563 0.764305 0.148491 0.111604
2 0.756947 0.578040 0.248389 0.206872
