2 0.843210 0.876876 0.185717 0.140725
2 0.115500 0.795412 0.150432 0.130448
2 0.277780 0.824879 0.108740 0.102004
2 0.540153 0.848548 0.345699 0.302903
1 0.500024 0.262819 0.999498 0.525639
2 0.460012 0.859191 0.175495 0.124363
2 0.120077 0.962710 0.194404 0.074579
2 0.516761 0.751408 0.166663 0.102218
2 0.730146 0.635774 0.139209 0.096320
2 0.588480 0.943293 0.231359 0.113414
0 0.499964 0.059139 0.999854 0.118231
2 0.116273 0.900771 0.223716 0.198459
0 0.499659 0.351917 0.999319 0.331580
1 0.500159 0.062407 0.999683 0.124813
2 0.966905 0.619995 0.064338 0.041924
