2 0.678994 0.690968 0.181356 0.150317
2 0.235501 0.549328 0.135941 0.102874
2 0.472622 0.679160 0.158202 0.134210
2 0.266323 0.280638 0.135864 0.108993
1 0.500060 0.195193 0.999706 0.389502
2 0.079132 0.651717 0.158264 0.313211
2 0.536235 0.895030 0.146825 0.102773
2 0.800238 0.910381 0.116209 0.105524
2 0.952552 0.669509 0.094896 0.127812
2 0.947745 0.881627 0.104010 0.162304
2 0.129936 0.914659 0.259872 0.170466
2 0.588967 0.909711 0.266777 0.180578
2 0.941992 0.794155 0.116017 0.358490
0 0.499524 0.190247 0.999048 0.357743
2 0.637129 0.962114 0.155155 0.075772
2 0.947609 0.621592 0.104496 0.277477
2 0.067397 0.895036 0.134795 0.127454
