2 0.555802 0.567979 0.181139 0.148657
2 0.349117 0.556034 0.156168 0.133969
2 0.112275 0.425765 0.135617 0.104939
2 0.142689 0.157689 0.137388 0.107379
2 0.855808 0.549412 0.149375 0.127026
2 0.686681 0.901114 0.077183 0.058852
2 0.677029 0.785404 0.116091 0.100897
2 0.862030 0.760512 0.186470 0.160936
2 0.412349 0.770368 0.145938 0.106155
2 0.148036 0.929418 0.295947 0.141164
0 0.498816 0.118230 0.997631 0.235491
2 0.471554 0.850162 0.245342 0.299677
1 0.500076 0.130965 0.997717 0.261931
2 0.461433 0.969223 0.184678 0.061554
2 0.983346 0.579173 0.032874 0.097103
2 0.522881 0.850350 0.138417 0.104337
2 0.973542 0.915003 0.052131 0.080068
2 0.862935 0.685616 0.190651 0.327189
2 0.011666 0.582235 0.023331 0.156678
2 0.951061 0.937185 0.097878 0.125631
2 0.061326 0.850689 0.122652 0.298621
2 0.971632 0.906772 0.056736 0.152261
