2 0.308835 0.569478 0.171060 0.134193
2 0.104645 0.557003 0.141073 0.117644
2 0.613037 0.766770 0.170030 0.138506
2 0.607507 0.548160 0.139548 0.107332
2 0.163426 0.771260 0.130896 0.092139
2 0.933116 0.612444 0.128194 0.095303
2 0.438302 0.900820 0.077458 0.051883
2 0.206924 0.852587 0.282942 0.294825
2 0.768466 0.581123 0.100593 0.081232
2 0.214063 0.976882 0.182643 0.045522
2 0.988224 0.733742 0.023275 0.118413
2 0.932853 0.667567 0.134295 0.402194
2 0.272897 0.852037 0.146180 0.094954
2 0.014932 0.975300 0.029298 0.049399
2 0.430534 0.787572 0.111924 0.085538
