2 0.307398 0.568859 0.173403 0.140234
2 0.607333 0.546648 0.132069 0.106121
2 0.103586 0.556348 0.148274 0.132416
2 0.610383 0.764558 0.168967 0.145733
2 0.439993 0.900580 0.074563 0.055469
2 0.933709 0.610115 0.130035 0.106706
2 0.769810 0.579559 0.098047 0.080309
2 0.164604 0.771394 0.139498 0.099785
2 0.220169 0.852169 0.251613 0.295662
2 0.429641 0.786649 0.102097 0.081470
2 0.274523 0.851910 0.141079 0.102543
2 0.213580 0.972166 0.189526 0.055404
2 0.932358 0.657844 0.135283 0.395326
2 0.988194 0.734212 0.023127 0.125833
2 0.015041 0.974975 0.029446 0.050050
2 0.781086 0.987308 0.083515 0.025384
1 0.502946 0.027799 0.991034 0.054606
2 0.023332 0.960263 0.046428 0.079474
