2 0.262049 0.515977 0.184037 0.137963
2 0.748992 0.653233 0.163398 0.122652
2 0.923383 0.800195 0.148149 0.118749
2 0.954471 0.937018 0.091057 0.075279
2 0.168611 0.926666 0.218585 0.146668
2 0.486860 0.092995 0.963654 0.185721
1 0.500095 0.095157 0.997909 0.190313
2 0.178594 0.494582 0.357188 0.177630
2 0.924485 0.734214 0.150999 0.261909
2 0.669856 0.986817 0.144737 0.026365
2 0.152283 0.884478 0.277776 0.230364
2 0.558738 0.947295 0.795174 0.105410
2 0.501786 0.956963 0.212486 0.082453
2 0.906372 0.945927 0.187256 0.105569
2 0.069973 0.879383 0.139945 0.241234
2 0.540545 0.954872 0.393957 0.088992
