2 0.677234 0.445536 0.170304 0.133656
2 0.234154 0.301003 0.125465 0.089157
2 0.472880 0.434054 0.146749 0.117637
2 0.265894 0.040170 0.121103 0.079748
2 0.534428 0.647055 0.132592 0.093867
2 0.234597 0.870712 0.455037 0.258014
2 0.075276 0.404674 0.150552 0.304562
2 0.809698 0.777085 0.077002 0.052334
2 0.588206 0.886815 0.173871 0.119638
2 0.950692 0.642342 0.098179 0.130003
2 0.954869 0.423943 0.090263 0.105916
2 0.943924 0.530677 0.112019 0.382767
2 0.055548 0.641973 0.111095 0.096203
2 0.585288 0.776952 0.228754 0.427452
2 0.645382 0.732215 0.137336 0.095103
2 0.092034 0.792037 0.184068 0.407069
2 0.886602 0.948072 0.226796 0.103856
2 0.801505 0.664721 0.112090 0.085000
