2 0.606002 0.302436 0.134904 0.096583
2 0.843776 0.431948 0.151834 0.129914
2 0.377812 0.391677 0.303306 0.331683
2 0.113709 0.500658 0.220244 0.177911
2 0.636794 0.041878 0.126488 0.083325
2 0.905783 0.647856 0.140030 0.102230
2 0.599885 0.864339 0.476643 0.270934
2 0.126056 0.765646 0.192178 0.175466
2 0.980525 0.441149 0.038910 0.116180
2 0.921769 0.771284 0.156461 0.426479
2 0.934173 0.889309 0.128569 0.124345
2 0.142702 0.945305 0.284416 0.109390
2 0.431292 0.640049 0.149366 0.107902
2 0.978844 0.744241 0.042313 0.067915
2 0.120013 0.830534 0.223379 0.291823
2 0.427470 0.752537 0.329198 0.337021
2 0.010027 0.688798 0.020054 0.080942
2 0.768714 0.046572 0.456610 0.092577
