2 0.184722 0.445041 0.170735 0.134755
2 0.484105 0.424417 0.139804 0.107936
2 0.489410 0.642823 0.171387 0.138496
2 0.926952 0.609678 0.146095 0.143887
2 0.315068 0.777760 0.076589 0.054074
2 0.054189 0.648322 0.108378 0.090949
2 0.112851 0.780483 0.224976 0.439034
2 0.820376 0.487771 0.152867 0.101507
2 0.872703 0.511264 0.254594 0.355133
2 0.091939 0.888262 0.174660 0.118547
2 0.026360 0.435913 0.051107 0.119754
2 0.645380 0.457828 0.101417 0.082132
2 0.887104 0.385768 0.158646 0.088330
2 0.150873 0.732030 0.139985 0.094950
2 0.914338 0.962072 0.171325 0.075855
2 0.306520 0.664360 0.112517 0.084595
2 0.436705 0.946994 0.685614 0.106013
