2 0.677089 0.692507 0.171181 0.134041
2 0.234021 0.548012 0.125763 0.089348
2 0.472869 0.680577 0.147971 0.117939
2 0.265322 0.279534 0.120837 0.096343
2 0.535114 0.894046 0.134805 0.094131
2 0.075564 0.652712 0.151129 0.304845
2 0.950436 0.886224 0.098737 0.136695
2 0.120997 0.916717 0.241995 0.166516
2 0.955393 0.670490 0.089210 0.110581
2 0.942925 0.779792 0.113988 0.381697
2 0.586374 0.913275 0.271376 0.173449
2 0.641131 0.963942 0.146890 0.071709
2 0.801601 0.906825 0.113707 0.086109
2 0.055369 0.889187 0.110620 0.099322
