2 0.096002 0.113452 0.138434 0.115950
2 0.052671 0.463601 0.105342 0.111955
2 0.349288 0.187637 0.065319 0.060837
2 0.261901 0.436920 0.103180 0.086140
2 0.109896 0.643740 0.219792 0.181426
2 0.587197 0.685944 0.743768 0.270285
2 0.742157 0.677065 0.325884 0.216539
2 0.033499 0.022282 0.066997 0.044551
2 0.145333 0.945483 0.155573 0.109034
2 0.449046 0.765031 0.227779 0.264143
2 0.089436 0.095650 0.176500 0.191301
2 0.671840 0.986541 0.105735 0.026917
1 0.502530 0.758276 0.994903 0.483448
2 0.200427 0.819919 0.351737 0.360162
2 0.256621 0.983307 0.119317 0.033385
2 0.013095 0.874357 0.026191 0.131014
2 0.114283 0.321418 0.228385 0.443132
