2 0.307342 0.445165 0.172911 0.142351
2 0.607426 0.423395 0.132769 0.106750
2 0.103395 0.432233 0.148391 0.131721
2 0.610776 0.640847 0.169379 0.145341
2 0.439734 0.777001 0.075942 0.056169
2 0.770776 0.456483 0.097186 0.078763
2 0.164964 0.647677 0.140799 0.100999
2 0.933826 0.487247 0.130265 0.106346
2 0.215773 0.885247 0.180197 0.130305
2 0.430187 0.663114 0.103107 0.081307
2 0.217208 0.777881 0.244169 0.416181
2 0.274554 0.729305 0.139362 0.103340
2 0.049409 0.920142 0.098625 0.159717
2 0.932167 0.533381 0.135666 0.397403
2 0.988140 0.609141 0.023240 0.124207
2 0.632755 0.949653 0.655987 0.100695
