2 0.972147 0.749486 0.055707 0.075290
2 0.794379 0.520458 0.102375 0.056770
2 0.858914 0.182071 0.274208 0.178589
2 0.087722 0.709733 0.175443 0.580534
2 0.062221 0.298029 0.122981 0.232985
2 0.185064 0.147713 0.318857 0.187223
2 0.151766 0.013667 0.167771 0.026966
2 0.177549 0.236610 0.326224 0.364146
2 0.084723 0.453005 0.169423 0.528950
2 0.667516 0.199926 0.663751 0.237877
2 0.579450 0.231538 0.205546 0.146598
2 0.118292 0.868147 0.236583 0.263706
2 0.314569 0.481249 0.250254 0.200628
2 0.081273 0.576430 0.161706 0.230583
2 0.047625 0.873772 0.095225 0.240624
2 0.079492 0.235577 0.158031 0.378470
