2 0.466677 0.236682 0.140088 0.115919
2 0.394532 0.584954 0.159034 0.120841
2 0.392317 0.119004 0.097992 0.092547
2 0.718786 0.310917 0.066272 0.062677
2 0.632343 0.558881 0.103007 0.086175
2 0.284227 0.902645 0.281728 0.194418
2 0.121238 0.617328 0.242476 0.439599
2 0.068877 0.247925 0.137523 0.495849
2 0.061996 0.899694 0.123761 0.199467
2 0.435590 0.767039 0.315019 0.189433
1 0.505329 0.820461 0.989343 0.359078
2 0.121623 0.421483 0.243247 0.489037
2 0.356836 0.835099 0.445286 0.325889
2 0.080710 0.126429 0.161420 0.252858
2 0.258252 0.713776 0.053402 0.046336
2 0.075014 0.788027 0.150027 0.423947
2 0.821989 0.863307 0.245903 0.266984
