2 0.679010 0.814207 0.181406 0.149741
2 0.235825 0.673140 0.136707 0.104014
2 0.472301 0.801945 0.158712 0.137617
2 0.266832 0.403573 0.136708 0.109566
2 0.078904 0.771131 0.157808 0.318420
2 0.952639 0.792903 0.094723 0.128304
1 0.499583 0.250422 0.997907 0.500844
2 0.946601 0.962548 0.106339 0.074905
2 0.067815 0.975848 0.135630 0.048277
2 0.548203 0.968651 0.173640 0.062698
2 0.939100 0.893079 0.121800 0.213740
0 0.500818 0.072710 0.997679 0.145420
2 0.799259 0.988244 0.109093 0.023512
0 0.500000 0.321377 1.000000 0.336925
2 0.947247 0.798534 0.104786 0.328584
2 0.140994 0.973187 0.281987 0.053626
