2 0.559192 0.564350 0.188889 0.165083
2 0.350187 0.554149 0.154040 0.142506
2 0.110904 0.423843 0.132345 0.104744
2 0.864558 0.760365 0.190750 0.176157
2 0.145653 0.155691 0.145691 0.114502
2 0.859783 0.549139 0.147001 0.135286
2 0.144939 0.919007 0.289878 0.159294
2 0.675199 0.783295 0.114490 0.105067
2 0.688461 0.904057 0.075882 0.066131
2 0.431449 0.840437 0.336545 0.319127
0 0.500000 0.119272 1.000000 0.238544
2 0.019422 0.582377 0.038844 0.179787
2 0.977286 0.576247 0.045429 0.129531
2 0.474473 0.952365 0.217813 0.095270
2 0.420308 0.756724 0.159359 0.143499
2 0.666274 0.839206 0.132670 0.201976
