2 0.350587 0.432605 0.151236 0.135040
2 0.109814 0.300298 0.127961 0.099697
2 0.555691 0.445864 0.179034 0.149299
2 0.172372 0.855037 0.344744 0.285778
2 0.860411 0.636636 0.180603 0.166517
2 0.854567 0.423562 0.130096 0.116932
2 0.141658 0.046681 0.146359 0.091723
2 0.688145 0.780515 0.075417 0.058480
2 0.462160 0.881759 0.171112 0.152980
2 0.415015 0.644030 0.143745 0.112189
2 0.020133 0.459756 0.040266 0.175021
2 0.475442 0.768738 0.239620 0.415385
1 0.515362 0.055652 0.969080 0.110083
2 0.668021 0.670332 0.124754 0.078061
2 0.875725 0.557834 0.242015 0.345383
