2 0.170446 0.670621 0.340892 0.399511
2 0.558627 0.192829 0.187077 0.162128
2 0.351257 0.183506 0.153866 0.140231
2 0.108970 0.053879 0.134260 0.105292
2 0.864276 0.388003 0.191373 0.172040
2 0.858771 0.178400 0.142841 0.134310
2 0.687931 0.533437 0.077144 0.063269
2 0.674817 0.411538 0.112650 0.102844
2 0.019553 0.211964 0.039106 0.172499
2 0.468386 0.629293 0.186334 0.165831
2 0.421286 0.386500 0.159391 0.142280
2 0.977557 0.208369 0.044886 0.117788
1 0.499789 0.805196 0.999579 0.389608
2 0.475094 0.521300 0.239371 0.430980
2 0.865457 0.349152 0.262968 0.272850
