2 0.348144 0.432584 0.153686 0.133190
2 0.553420 0.445304 0.172323 0.143171
2 0.857537 0.640517 0.171366 0.151474
2 0.111732 0.302146 0.131767 0.097840
2 0.854625 0.424361 0.130669 0.109346
2 0.173860 0.861614 0.347620 0.276772
2 0.687973 0.776946 0.076486 0.057712
2 0.142347 0.042706 0.126074 0.085411
2 0.411531 0.648748 0.137834 0.097301
2 0.460410 0.883872 0.180265 0.134560
2 0.460068 0.777560 0.258257 0.432099
2 0.012673 0.457790 0.025000 0.158292
2 0.675046 0.660657 0.105684 0.077031
2 0.116006 0.055402 0.232013 0.110683
2 0.520557 0.730518 0.136687 0.101478
2 0.760715 0.952832 0.478571 0.094086
2 0.853021 0.580459 0.217149 0.295393
