2 0.102389 0.432842 0.151829 0.132546
2 0.306480 0.445362 0.172248 0.143220
2 0.609975 0.640337 0.171903 0.150941
2 0.608108 0.424155 0.132030 0.110790
2 0.932208 0.489372 0.128642 0.106643
2 0.441680 0.777912 0.075756 0.057226
2 0.180067 0.776900 0.323125 0.436832
2 0.164206 0.648855 0.136312 0.096693
2 0.214189 0.885403 0.179629 0.132156
2 0.429586 0.662963 0.109012 0.078281
2 0.031877 0.914798 0.063753 0.170403
2 0.770341 0.456931 0.092224 0.081652
2 0.271597 0.729603 0.143253 0.101488
0 0.500705 0.949131 0.992086 0.101738
2 0.529177 0.949996 0.930850 0.100007
2 0.986202 0.612558 0.027596 0.139285
1 0.499335 0.030539 0.998670 0.061079
