2 0.182801 0.444901 0.170891 0.139857
2 0.928558 0.610638 0.142883 0.149156
2 0.486994 0.641545 0.169109 0.143963
2 0.484451 0.424318 0.137401 0.114715
2 0.818358 0.489869 0.147731 0.107746
2 0.025101 0.437391 0.050202 0.116808
2 0.868092 0.517487 0.263381 0.355141
2 0.088593 0.890517 0.168829 0.114638
2 0.051195 0.654119 0.102391 0.081813
2 0.317474 0.780311 0.077224 0.060378
2 0.111341 0.787941 0.221842 0.424118
0 0.502534 0.948260 0.990741 0.103480
2 0.921239 0.958869 0.157522 0.082262
2 0.888812 0.386001 0.150759 0.087084
