2 0.473712 0.434046 0.148877 0.118114
2 0.677205 0.444805 0.170628 0.138612
2 0.233501 0.300261 0.124872 0.091917
2 0.234694 0.871773 0.468251 0.256453
2 0.265135 0.040799 0.119127 0.081599
2 0.949846 0.645104 0.100308 0.131706
2 0.535043 0.649146 0.129949 0.089364
2 0.584408 0.889346 0.167754 0.114836
2 0.075311 0.400680 0.150195 0.324570
2 0.809093 0.779105 0.079305 0.058026
2 0.954315 0.428278 0.091369 0.102574
2 0.094897 0.790227 0.189794 0.419547
2 0.579220 0.777567 0.286325 0.438833
2 0.059426 0.642678 0.116052 0.092674
