2 0.345412 0.680492 0.161358 0.137703
2 0.554859 0.691157 0.178924 0.153497
2 0.110701 0.548138 0.135914 0.103596
2 0.140481 0.280720 0.137847 0.108829
2 0.861364 0.885560 0.184012 0.162773
2 0.855248 0.673579 0.148943 0.128720
2 0.676926 0.907649 0.118507 0.102069
0 0.499437 0.188585 0.998873 0.370110
2 0.412180 0.889496 0.149794 0.112293
2 0.012697 0.703697 0.025065 0.155517
2 0.457229 0.911973 0.284177 0.175799
2 0.860018 0.826052 0.221147 0.299459
2 0.314486 0.915743 0.594515 0.168514
2 0.058016 0.986194 0.116032 0.027157
2 0.984793 0.705279 0.030414 0.108100
1 0.500000 0.203085 1.000000 0.406169
2 0.013638 0.903037 0.027019 0.159927
2 0.070998 0.809551 0.141351 0.379623
