2 0.345378 0.556607 0.161285 0.138297
2 0.555477 0.567826 0.179556 0.155099
2 0.688806 0.900960 0.078785 0.062721
0 0.499735 0.127731 0.998879 0.255462
2 0.111296 0.425485 0.132993 0.101704
2 0.140520 0.156607 0.136809 0.107086
2 0.855498 0.549476 0.148684 0.132623
2 0.862157 0.760123 0.185889 0.168698
2 0.676618 0.782609 0.117575 0.100190
2 0.459852 0.960413 0.193786 0.079175
2 0.409571 0.770957 0.141169 0.101908
2 0.463094 0.850674 0.260556 0.298651
2 0.149380 0.928047 0.298760 0.143905
2 0.012587 0.581660 0.024790 0.151741
2 0.520831 0.852585 0.133779 0.106163
2 0.984787 0.581653 0.030399 0.106377
2 0.973630 0.921374 0.051192 0.100528
2 0.857921 0.687385 0.222969 0.336581
2 0.144485 0.857953 0.288969 0.284094
