2 0.102020 0.556419 0.153934 0.134358
2 0.306585 0.568960 0.172066 0.144908
2 0.609885 0.764034 0.171711 0.152441
2 0.607408 0.545691 0.130989 0.112750
2 0.441737 0.900401 0.075383 0.056347
2 0.932221 0.613744 0.128211 0.105742
2 0.174436 0.851007 0.347266 0.297986
2 0.163803 0.771739 0.136724 0.100199
2 0.210463 0.964678 0.190881 0.070644
2 0.429701 0.787942 0.109853 0.082883
2 0.015375 0.968296 0.030448 0.061688
2 0.770518 0.581978 0.092171 0.082775
2 0.272670 0.852998 0.139913 0.101960
2 0.985572 0.733494 0.028856 0.150758
1 0.500000 0.063681 1.000000 0.127362
2 0.927347 0.623027 0.145306 0.325958
