2 0.728461 0.547428 0.136613 0.104431
2 0.504514 0.636329 0.310650 0.342417
2 0.236136 0.749768 0.230217 0.184831
2 0.062776 0.799149 0.125552 0.124475
2 0.758648 0.280696 0.138546 0.109224
2 0.944661 0.680015 0.110678 0.137308
2 0.254143 0.959329 0.177731 0.081341
2 0.097519 0.933422 0.101182 0.085123
2 0.977105 0.886420 0.045505 0.157638
0 0.498790 0.196720 0.997581 0.359600
2 0.571555 0.916269 0.454457 0.167408
2 0.190133 0.943232 0.347606 0.113537
2 0.933076 0.896438 0.133298 0.182143
2 0.499750 0.702184 0.250427 0.207550
