2 0.346737 0.185389 0.159486 0.139331
2 0.555118 0.197001 0.180789 0.155661
2 0.688418 0.532495 0.079129 0.062727
2 0.111114 0.053724 0.134712 0.105813
2 0.861978 0.392043 0.185464 0.164697
2 0.855312 0.179066 0.148745 0.128565
2 0.167636 0.679550 0.335018 0.385009
2 0.464626 0.628409 0.188632 0.151172
2 0.409875 0.402203 0.142422 0.100460
2 0.676731 0.412776 0.116677 0.101020
2 0.464226 0.530566 0.240784 0.418446
2 0.012635 0.210017 0.024845 0.153779
2 0.520658 0.480808 0.136896 0.108361
2 0.857820 0.346248 0.223080 0.277972
2 0.984417 0.211451 0.031167 0.106337
2 0.974470 0.546775 0.049684 0.089681
