2 0.471347 0.802324 0.159129 0.140363
2 0.677602 0.814232 0.179340 0.155199
2 0.234031 0.672148 0.137818 0.104019
2 0.265287 0.403561 0.137694 0.109994
2 0.952511 0.795106 0.094977 0.129017
2 0.947342 0.960573 0.105316 0.078854
2 0.541662 0.960732 0.172197 0.078536
2 0.065726 0.973759 0.131453 0.052287
2 0.082152 0.775334 0.163472 0.340971
0 0.501424 0.321166 0.997152 0.360991
0 0.499805 0.075337 0.998823 0.150673
2 0.800669 0.987049 0.104583 0.025804
1 0.500088 0.263076 0.999455 0.525439
1 0.499135 0.075370 0.998270 0.150667
2 0.939088 0.877845 0.121635 0.244309
