2 0.635203 0.155115 0.120264 0.097764
2 0.603529 0.424660 0.124903 0.091190
2 0.845084 0.557219 0.146164 0.117980
2 0.110998 0.627667 0.210895 0.162074
2 0.380523 0.516890 0.290415 0.332625
2 0.123172 0.898056 0.188696 0.156807
2 0.906400 0.772204 0.134862 0.092559
2 0.532208 0.928610 0.537808 0.142779
2 0.935032 0.974258 0.127011 0.051485
2 0.983275 0.571476 0.033274 0.114857
2 0.913517 0.878064 0.172955 0.243872
2 0.377954 0.577258 0.233742 0.199956
2 0.918159 0.953645 0.163682 0.092710
2 0.115660 0.861953 0.229555 0.261138
2 0.460385 0.852558 0.424897 0.294883
2 0.417882 0.764417 0.123624 0.095004
