2 0.841688 0.874859 0.183851 0.148152
2 0.114676 0.797183 0.151319 0.133634
2 0.278961 0.824301 0.104994 0.102786
2 0.117084 0.958128 0.202453 0.083745
2 0.455858 0.856678 0.169616 0.123555
2 0.517214 0.752501 0.165989 0.101825
2 0.543026 0.850281 0.360836 0.299438
2 0.585196 0.941079 0.241312 0.117843
2 0.729345 0.637898 0.130722 0.097215
0 0.500000 0.340427 1.000000 0.383184
0 0.499366 0.059127 0.998733 0.118254
1 0.498740 0.063386 0.997480 0.126379
1 0.499965 0.284795 0.999930 0.563581
2 0.112354 0.910959 0.217605 0.178082
