2 0.605250 0.302723 0.134226 0.098209
2 0.111475 0.500970 0.218012 0.180698
2 0.843150 0.432396 0.154446 0.133192
2 0.379542 0.394673 0.316983 0.331858
2 0.636819 0.042649 0.126046 0.085299
2 0.562415 0.859723 0.555757 0.280553
2 0.933917 0.893491 0.125542 0.113360
2 0.123705 0.765910 0.198654 0.177526
2 0.907748 0.645469 0.146486 0.103684
2 0.980802 0.443060 0.037734 0.123777
2 0.910313 0.781470 0.179375 0.427755
2 0.148539 0.922906 0.296848 0.154188
2 0.132837 0.840728 0.264071 0.318544
2 0.726158 0.059728 0.547685 0.118957
