2 0.471306 0.679726 0.159078 0.137311
2 0.677441 0.691068 0.179736 0.154116
2 0.234106 0.548385 0.136998 0.103866
2 0.264806 0.279611 0.137346 0.110486
2 0.947180 0.884962 0.105641 0.160764
2 0.952403 0.671251 0.095195 0.127046
2 0.800995 0.907969 0.117772 0.102599
2 0.082256 0.642616 0.163612 0.333940
2 0.535540 0.890584 0.149247 0.109631
0 0.499216 0.188585 0.998432 0.371847
2 0.578658 0.910281 0.296203 0.179439
2 0.143878 0.913850 0.287755 0.172299
1 0.500346 0.203273 0.999308 0.406546
2 0.405023 0.917012 0.669132 0.165975
2 0.942320 0.807902 0.115291 0.325649
